0.000010 0.000010 0.000010 0.000010 0.000010 0.999950
0.000011 0.000015 0.000010 0.999935 0.000019 0.000010
0.000010 0.999950 0.000010 0.000010 0.000010 0.000010
0.000010 0.853656 0.000010 0.000010 0.000010 0.146304
0.999943 0.000012 0.000010 0.000015 0.000010 0.000010
0.000010 0.000010 0.000010 0.999950 0.000010 0.000010
0.015111 0.491331 0.241394 0.054148 0.078991 0.119026
0.009910 0.558317 0.063816 0.044279 0.043402 0.280276
0.023181 0.553173 0.046869 0.054431 0.054276 0.268071
0.008739 0.541863 0.055092 0.044322 0.065634 0.284350
0.000010 0.000010 0.999948 0.000012 0.000010 0.000010
0.000010 0.000010 0.000010 0.000010 0.000010 0.999950
0.000011 0.000010 0.000010 0.000014 0.999945 0.000010
0.000010 0.999950 0.000010 0.000010 0.000010 0.000010
0.000010 0.763973 0.040279 0.015676 0.006445 0.173616
0.000010 0.000011 0.000010 0.999946 0.000013 0.000010
0.000012 0.000015 0.000010 0.999943 0.000010 0.000010
0.000010 0.783712 0.041322 0.018440 0.000010 0.156506
0.999950 0.000010 0.000010 0.000010 0.000010 0.000010
0.000010 0.999950 0.000010 0.000010 0.000010 0.000010
0.014138 0.539442 0.058982 0.046800 0.067075 0.273563
0.110004 0.376166 0.042668 0.245253 0.124196 0.101713
0.012328 0.467896 0.276482 0.056934 0.074902 0.111458
0.000010 0.999950 0.000010 0.000010 0.000010 0.000010
0.000010 0.000015 0.999945 0.000010 0.000010 0.000010
0.000010 0.000010 0.000010 0.000010 0.999950 0.000010
0.000010 0.832721 0.000010 0.000010 0.000010 0.167239
0.014109 0.825318 0.075379 0.029971 0.048524 0.006699
0.022307 0.595707 0.048836 0.020210 0.035143 0.277795
0.014147 0.581591 0.048987 0.031806 0.033299 0.290170
0.000012 0.000011 0.000010 0.999947 0.000010 0.000010
0.011296 0.587427 0.048958 0.037630 0.024553 0.290136
0.000010 0.000011 0.999949 0.000010 0.000010 0.000010
0.000011 0.000010 0.000010 0.000010 0.000010 0.999949
0.000010 0.799925 0.000010 0.000010 0.000010 0.200035
0.005858 0.471148 0.260918 0.073193 0.079235 0.109647
0.000010 0.845271 0.000010 0.000010 0.000010 0.154689
0.000010 0.000010 0.000010 0.000011 0.999949 0.000010
0.000010 0.749212 0.045338 0.016406 0.010335 0.178698
0.011776 0.484286 0.272738 0.050521 0.073435 0.107245
0.000010 0.000010 0.000010 0.000010 0.000010 0.999950
0.000010 0.000010 0.000010 0.000010 0.999950 0.000010
0.011316 0.000010 0.000010 0.000010 0.004443 0.984211
0.999950 0.000010 0.000010 0.000010 0.000010 0.000010
0.000010 0.000010 0.000010 0.999950 0.000010 0.000010
0.108553 0.386335 0.052163 0.227868 0.124218 0.100863
0.000010 0.912628 0.043462 0.000010 0.043880 0.000010
0.000010 0.886786 0.056961 0.016390 0.039843 0.000010
0.008557 0.881065 0.063193 0.005109 0.042066 0.000010
0.000010 0.000010 0.000010 0.999945 0.000015 0.000010
0.000010 0.775606 0.044805 0.016024 0.002364 0.161192
0.000010 0.775003 0.018276 0.000078 0.000010 0.206622
0.008077 0.550064 0.056630 0.038748 0.052250 0.294230
0.999950 0.000010 0.000010 0.000010 0.000010 0.000010
0.012406 0.557867 0.054358 0.042708 0.055944 0.276717
0.999946 0.000011 0.000010 0.000013 0.000010 0.000010
0.000010 0.801735 0.000010 0.000010 0.000010 0.198225
0.000010 0.822959 0.000010 0.000010 0.000010 0.177001
0.000010 0.000014 0.000012 0.999935 0.000019 0.000010
0.021630 0.480326 0.253559 0.049554 0.085868 0.109063
0.000010 0.816036 0.000010 0.000010 0.000010 0.183924
0.000010 0.999950 0.000010 0.000010 0.000010 0.000010
0.000010 0.000010 0.000010 0.000010 0.999950 0.000010
0.000010 0.836323 0.000010 0.000010 0.000010 0.163637
0.003647 0.053083 0.019909 0.014669 0.018165 0.890527
0.000010 0.936843 0.031854 0.000010 0.031273 0.000010
0.000010 0.000010 0.000010 0.000010 0.000010 0.999950
0.008340 0.206184 0.685166 0.029004 0.028306 0.042999
0.000010 0.000010 0.000010 0.000010 0.999950 0.000010
0.009951 0.552983 0.055002 0.035773 0.063555 0.282735
0.104583 0.373640 0.044835 0.233014 0.130385 0.113543
0.026760 0.588763 0.170807 0.040695 0.068311 0.104664
0.224248 0.192934 0.038995 0.278736 0.161963 0.103125
0.000010 0.814451 0.000010 0.000010 0.000010 0.185509
0.000010 0.000010 0.000010 0.000010 0.000010 0.999950
0.104868 0.380973 0.047091 0.248538 0.116950 0.101580
0.000010 0.000014 0.999946 0.000010 0.000010 0.000010
0.015025 0.465734 0.255819 0.064185 0.074438 0.124798
0.000017 0.908982 0.049459 0.000010 0.041521 0.000010
0.000010 0.000010 0.999950 0.000010 0.000010 0.000010
0.000014 0.000012 0.000010 0.999942 0.000012 0.000010
0.000012 0.000010 0.000014 0.999944 0.000010 0.000010
0.003864 0.567369 0.054358 0.037649 0.048729 0.288031
0.008629 0.867347 0.066053 0.019200 0.038762 0.000010
0.000010 0.000010 0.000014 0.999942 0.000014 0.000010
0.108335 0.388611 0.044592 0.235045 0.130270 0.093147
0.003483 0.906165 0.048700 0.000636 0.041005 0.000010
0.999950 0.000010 0.000010 0.000010 0.000010 0.000010
0.001681 0.862883 0.066200 0.026707 0.042520 0.000010
0.010665 0.477204 0.260296 0.067432 0.076992 0.107411
0.013539 0.469371 0.269406 0.058335 0.081123 0.108226
0.019176 0.576907 0.191915 0.048622 0.062996 0.100384
0.121256 0.169432 0.069087 0.185897 0.353342 0.100987
0.000010 0.804326 0.000010 0.000010 0.000010 0.195634
0.000017 0.000010 0.000010 0.999937 0.000015 0.000010
0.014762 0.359498 0.432259 0.057697 0.052740 0.083044
0.000010 0.000010 0.000010 0.000010 0.000010 0.999950
0.000010 0.851630 0.000010 0.000010 0.000010 0.148330
0.000010 0.000010 0.000010 0.000016 0.999944 0.000010
0.000010 0.915410 0.038000 0.000010 0.046559 0.000010
0.000010 0.999950 0.000010 0.000010 0.000010 0.000010
0.000011 0.000010 0.999949 0.000010 0.000010 0.000010
0.000010 0.000010 0.000010 0.000010 0.999950 0.000010
0.000010 0.000010 0.000010 0.000010 0.000010 0.999950
0.008168 0.555775 0.057761 0.043259 0.053092 0.281944
0.000010 0.000010 0.000010 0.000010 0.000010 0.999950
0.003054 0.067814 0.023228 0.014436 0.009686 0.881782
0.999950 0.000010 0.000010 0.000010 0.000010 0.000010
0.999950 0.000010 0.000010 0.000010 0.000010 0.000010
0.000010 0.000010 0.000010 0.000010 0.000010 0.999950
0.000010 0.917169 0.042773 0.000010 0.040029 0.000010
0.020098 0.584634 0.175516 0.049139 0.067345 0.103269
0.008439 0.083504 0.025933 0.015614 0.004697 0.861813
0.005740 0.536209 0.067972 0.050088 0.057931 0.282060
0.000010 0.000010 0.000010 0.000010 0.000010 0.999950
0.999950 0.000010 0.000010 0.000010 0.000010 0.000010
0.000010 0.000010 0.000010 0.999948 0.000012 0.000010
0.009433 0.604511 0.046768 0.021090 0.035461 0.282738
0.000013 0.000014 0.000014 0.000010 0.999938 0.000010
0.000010 0.000011 0.000013 0.000010 0.999946 0.000010
0.000010 0.969424 0.011286 0.003221 0.000010 0.016049
0.999950 0.000010 0.000010 0.000010 0.000010 0.000010
0.000010 0.938183 0.024743 0.000010 0.037044 0.000010
0.008649 0.608573 0.044967 0.029670 0.028525 0.279616
0.005339 0.882481 0.055956 0.007966 0.048249 0.000010
0.000010 0.000010 0.000010 0.000010 0.000010 0.999950
0.000010 0.855373 0.000010 0.000010 0.000010 0.144587
0.999950 0.000010 0.000010 0.000010 0.000010 0.000010
0.000010 0.999950 0.000010 0.000010 0.000010 0.000010
0.008865 0.610126 0.046145 0.023507 0.029505 0.281851
0.000010 0.999950 0.000010 0.000010 0.000010 0.000010
0.000010 0.000010 0.000010 0.000010 0.000010 0.999950
0.000010 0.881168 0.056586 0.012183 0.050044 0.000010
0.000010 0.054240 0.000010 0.003254 0.000664 0.941823
0.014139 0.749145 0.020893 0.024194 0.013363 0.178265
0.000010 0.999950 0.000010 0.000010 0.000010 0.000010
0.999947 0.000010 0.000010 0.000013 0.000010 0.000010
0.000010 0.899735 0.041772 0.001419 0.044651 0.012412
0.000010 0.000018 0.999942 0.000010 0.000010 0.000010
0.017060 0.559292 0.057335 0.055606 0.057971 0.252736
0.999950 0.000010 0.000010 0.000010 0.000010 0.000010
0.000010 0.000011 0.999949 0.000010 0.000010 0.000010
0.000013 0.000010 0.000013 0.999943 0.000011 0.000010
0.000011 0.000010 0.000010 0.999947 0.000012 0.000010
0.099184 0.374946 0.051131 0.243898 0.129541 0.101300
0.000010 0.781736 0.025303 0.000010 0.000010 0.192931
0.040318 0.455905 0.194579 0.082893 0.061101 0.165203
0.000010 0.000010 0.000010 0.000010 0.000010 0.999950
0.014342 0.556446 0.054774 0.038524 0.060576 0.275338
0.004037 0.904816 0.051182 0.000010 0.039945 0.000010
0.000010 0.000010 0.000010 0.000010 0.000010 0.999950
0.102359 0.387961 0.040950 0.249578 0.123174 0.095978
0.000010 0.955303 0.017898 0.000010 0.026768 0.000010
0.000010 0.000010 0.000010 0.000010 0.000010 0.999950
0.999950 0.000010 0.000010 0.000010 0.000010 0.000010
0.007475 0.869444 0.058216 0.008055 0.056800 0.000010
0.004903 0.889991 0.056014 0.003903 0.045180 0.000010
0.000010 0.838218 0.000010 0.000010 0.000010 0.161742
0.000010 0.000010 0.000010 0.000010 0.000010 0.999950
0.000016 0.000010 0.000010 0.000018 0.999935 0.000010
0.000010 0.842233 0.000010 0.000010 0.000010 0.157727
0.018209 0.533296 0.057785 0.047118 0.062860 0.280732
0.014335 0.545203 0.071321 0.053582 0.050551 0.265008
0.004867 0.904459 0.046109 0.000010 0.044545 0.000010
0.021425 0.575100 0.180818 0.047865 0.065913 0.108880
0.000010 0.726047 0.045678 0.028159 0.011063 0.189043
0.999950 0.000010 0.000010 0.000010 0.000010 0.000010
0.001593 0.571288 0.059256 0.052473 0.053490 0.261899
0.001282 0.900498 0.050419 0.005453 0.042339 0.000010
0.999950 0.000010 0.000010 0.000010 0.000010 0.000010
0.000012 0.000013 0.000010 0.999944 0.000011 0.000010
0.999950 0.000010 0.000010 0.000010 0.000010 0.000010
0.000010 0.000010 0.000010 0.000016 0.999944 0.000010
0.000010 0.000010 0.999948 0.000012 0.000010 0.000010
0.021943 0.187574 0.042911 0.033716 0.047462 0.666393
0.013333 0.595129 0.042260 0.029638 0.024465 0.295177
0.000010 0.832567 0.000010 0.000010 0.000010 0.167393
0.000010 0.000010 0.999950 0.000010 0.000010 0.000010
0.005527 0.862659 0.067097 0.017314 0.046593 0.000810
0.000469 0.775378 0.018298 0.001092 0.000010 0.204753
0.013429 0.593396 0.047389 0.036883 0.037678 0.271224
0.000010 0.999950 0.000010 0.000010 0.000010 0.000010
0.000010 0.841269 0.000010 0.000010 0.000010 0.158691
0.000012 0.000010 0.000010 0.999948 0.000010 0.000010
0.000010 0.813402 0.000010 0.000010 0.000010 0.186558
0.000010 0.000017 0.000011 0.000015 0.999937 0.000010
0.000010 0.000012 0.000010 0.999947 0.000011 0.000010
0.000010 0.749363 0.042114 0.013277 0.000010 0.195226
0.000010 0.787195 0.000010 0.000010 0.000010 0.212765
0.103942 0.390665 0.044655 0.233319 0.121701 0.105719
0.000010 0.000010 0.000010 0.000010 0.000010 0.999950
0.002674 0.000010 0.000010 0.994222 0.003074 0.000010
0.024364 0.457403 0.275513 0.065956 0.070732 0.106033
0.000010 0.000010 0.999950 0.000010 0.000010 0.000010
0.000010 0.926212 0.040304 0.000010 0.033454 0.000010
0.999950 0.000010 0.000010 0.000010 0.000010 0.000010
0.000010 0.999950 0.000010 0.000010 0.000010 0.000010
0.226073 0.195523 0.045060 0.271124 0.162404 0.099816
0.000010 0.760355 0.040021 0.016401 0.008712 0.174501
0.999947 0.000010 0.000011 0.000012 0.000010 0.000010
0.999950 0.000010 0.000010 0.000010 0.000010 0.000010
0.003037 0.549900 0.049383 0.049622 0.060835 0.287223
0.011254 0.593192 0.045322 0.037925 0.024497 0.287809
0.006210 0.898260 0.046245 0.009216 0.040060 0.000010
0.000012 0.000010 0.000010 0.999946 0.000012 0.000010
0.026675 0.594240 0.157265 0.050028 0.066224 0.105569
0.999950 0.000010 0.000010 0.000010 0.000010 0.000010
0.020958 0.605129 0.158093 0.037171 0.069135 0.109514
0.000010 0.952695 0.026600 0.000010 0.020675 0.000010
0.024787 0.537304 0.059752 0.047438 0.058629 0.272089
0.000010 0.000010 0.000018 0.000010 0.000010 0.999942
0.000010 0.000013 0.000010 0.000010 0.999947 0.000010
0.000010 0.000010 0.000010 0.000014 0.999946 0.000010
0.000012 0.000010 0.000010 0.999948 0.000010 0.000010
0.000010 0.745870 0.048062 0.012860 0.007259 0.185940
0.000010 0.794726 0.002961 0.000010 0.000010 0.202283
0.999950 0.000010 0.000010 0.000010 0.000010 0.000010
0.999950 0.000010 0.000010 0.000010 0.000010 0.000010
0.005884 0.100387 0.855392 0.003323 0.011407 0.023607
0.000010 0.000010 0.000010 0.999950 0.000010 0.000010
0.013089 0.371735 0.399141 0.056712 0.055871 0.103451
0.000012 0.000013 0.000010 0.999945 0.000010 0.000010
