0.000010 0.000010 0.000010 0.000010 0.999960
0.000014 0.000010 0.000010 0.999956 0.000010
0.000010 0.988254 0.000010 0.000010 0.011716
0.000010 0.784408 0.000010 0.000010 0.215562
0.000010 0.000010 0.999960 0.000010 0.000010
0.000013 0.000010 0.000010 0.999957 0.000010
0.110853 0.707501 0.020889 0.054172 0.106586
0.048499 0.593183 0.009389 0.042818 0.306111
0.057749 0.577913 0.022144 0.052293 0.289901
0.070445 0.572862 0.008189 0.041732 0.306772
0.124493 0.875474 0.000013 0.000010 0.000010
0.000010 0.000018 0.000010 0.000010 0.999952
0.999958 0.000010 0.000010 0.000012 0.000010
0.000010 0.999960 0.000010 0.000010 0.000010
0.008551 0.770109 0.000010 0.015277 0.206053
0.000010 0.000010 0.000010 0.999960 0.000010
0.000017 0.000010 0.000010 0.999953 0.000010
0.001355 0.790868 0.000010 0.015811 0.191955
0.000010 0.000010 0.999960 0.000010 0.000010
0.000010 0.984871 0.000010 0.000010 0.015099
0.072442 0.572980 0.013120 0.045173 0.296285
0.127209 0.405049 0.109128 0.243483 0.115131
0.112256 0.715453 0.020153 0.057940 0.094198
0.000010 0.984536 0.000010 0.000010 0.015434
0.116950 0.883020 0.000010 0.000010 0.000010
0.999960 0.000010 0.000010 0.000010 0.000010
0.000010 0.765162 0.000010 0.000010 0.234808
0.053078 0.886466 0.013456 0.024725 0.022274
0.037673 0.616522 0.021130 0.018154 0.306521
0.035960 0.600771 0.012620 0.030156 0.320494
0.000013 0.000010 0.000010 0.999957 0.000010
0.027603 0.608263 0.010660 0.035300 0.318174
0.131120 0.868850 0.000010 0.000010 0.000010
0.000010 0.000010 0.000010 0.000010 0.999960
0.000010 0.740048 0.000010 0.000010 0.259922
0.113228 0.704837 0.014435 0.074163 0.093337
0.000010 0.788076 0.000010 0.000010 0.211894
0.999960 0.000010 0.000010 0.000010 0.000010
0.011916 0.763630 0.000010 0.015648 0.208795
0.109584 0.731203 0.019204 0.052421 0.087588
0.000010 0.000010 0.000010 0.000010 0.999959
0.999960 0.000010 0.000010 0.000010 0.000010
0.006665 0.000010 0.011672 0.000010 0.981643
0.000010 0.000010 0.999960 0.000010 0.000010
0.000013 0.000013 0.000010 0.999954 0.000010
0.129167 0.423476 0.107487 0.226339 0.113531
0.045044 0.954926 0.000010 0.000010 0.000010
0.043400 0.940442 0.000010 0.013288 0.002860
0.046817 0.939115 0.007002 0.003570 0.003495
0.000010 0.000018 0.000010 0.999952 0.000010
0.003095 0.787929 0.000010 0.013557 0.195409
0.000010 0.749624 0.000010 0.000010 0.250346
0.056423 0.581283 0.007229 0.036939 0.318126
0.000010 0.000010 0.999960 0.000010 0.000010
0.061452 0.585573 0.010728 0.039557 0.302691
0.000010 0.000010 0.999960 0.000010 0.000010
0.000010 0.743011 0.000010 0.000010 0.256959
0.000010 0.759423 0.000010 0.000010 0.240547
0.000013 0.000010 0.000010 0.999957 0.000010
0.119122 0.703989 0.027391 0.051295 0.098204
0.000010 0.763544 0.000010 0.000010 0.236426
0.000010 0.999960 0.000010 0.000010 0.000010
0.999960 0.000010 0.000010 0.000010 0.000010
0.000010 0.776098 0.000010 0.000010 0.223872
0.023320 0.065608 0.004927 0.013756 0.892389
0.033277 0.966693 0.000010 0.000010 0.000010
0.000010 0.000010 0.000010 0.000010 0.999960
0.115951 0.797568 0.023832 0.034820 0.027828
0.999957 0.000010 0.000013 0.000010 0.000010
0.068247 0.583537 0.009189 0.033832 0.305196
0.134436 0.402900 0.103731 0.232549 0.126384
0.089838 0.732858 0.029425 0.039691 0.108188
0.167126 0.220754 0.224096 0.277969 0.110055
0.000010 0.762173 0.000010 0.000010 0.237797
0.000012 0.000010 0.000010 0.000010 0.999958
0.121428 0.414589 0.103946 0.247666 0.112371
0.130907 0.862222 0.006851 0.000010 0.000010
0.108036 0.693683 0.021397 0.064676 0.112208
0.042689 0.957281 0.000010 0.000010 0.000010
0.134740 0.827855 0.022905 0.014490 0.000010
0.000017 0.000010 0.000010 0.999953 0.000010
0.000010 0.000010 0.000010 0.999960 0.000010
0.053249 0.595969 0.001748 0.035563 0.313470
0.043884 0.931811 0.007412 0.016884 0.000010
0.000010 0.000010 0.000010 0.999960 0.000010
0.134601 0.419395 0.107712 0.233099 0.105192
0.042922 0.954766 0.002106 0.000197 0.000010
0.000010 0.000010 0.999960 0.000010 0.000010
0.046992 0.920563 0.000010 0.023986 0.008449
0.111993 0.711826 0.016971 0.067172 0.092039
0.116821 0.710817 0.019831 0.059182 0.093349
0.086589 0.740993 0.021647 0.048596 0.102175
0.363603 0.225911 0.121638 0.184563 0.104286
0.000010 0.741799 0.000010 0.000010 0.258171
0.000016 0.000020 0.000010 0.999944 0.000010
0.111944 0.729406 0.023059 0.062988 0.072604
0.000010 0.000010 0.000010 0.000010 0.999960
0.000010 0.776068 0.000010 0.000010 0.223902
0.999960 0.000010 0.000010 0.000010 0.000010
0.045932 0.954038 0.000010 0.000010 0.000010
0.000010 0.999960 0.000010 0.000010 0.000010
0.113823 0.886147 0.000010 0.000010 0.000010
0.999960 0.000010 0.000010 0.000010 0.000010
0.000010 0.000010 0.000010 0.000010 0.999960
0.058370 0.586886 0.006286 0.042107 0.306351
0.000010 0.000010 0.000010 0.000010 0.999960
0.014347 0.081876 0.005159 0.014240 0.884378
0.000010 0.000010 0.999960 0.000010 0.000010
0.000010 0.000010 0.999960 0.000010 0.000010
0.000010 0.000010 0.000010 0.000010 0.999960
0.040106 0.959864 0.000010 0.000010 0.000010
0.088439 0.732541 0.021891 0.049063 0.108066
0.008335 0.100158 0.010408 0.015573 0.865526
0.065207 0.578465 0.004611 0.048427 0.303290
0.000010 0.000010 0.000010 0.000010 0.999960
0.000010 0.000010 0.999960 0.000010 0.000010
0.000010 0.000018 0.000010 0.999952 0.000010
0.038736 0.624675 0.007892 0.019215 0.309481
0.999960 0.000010 0.000010 0.000010 0.000010
0.999960 0.000010 0.000010 0.000010 0.000010
0.000010 0.956336 0.000010 0.000379 0.043265
0.000010 0.000010 0.999960 0.000010 0.000010
0.037395 0.962575 0.000010 0.000010 0.000010
0.031063 0.626186 0.006333 0.028316 0.308101
0.050038 0.925243 0.005373 0.005514 0.013833
0.000010 0.000010 0.000010 0.000010 0.999960
0.000010 0.779781 0.000010 0.000010 0.220189
0.000010 0.000010 0.999960 0.000010 0.000010
0.000010 0.999960 0.000010 0.000010 0.000010
0.031417 0.627772 0.008027 0.020385 0.312398
0.000010 0.989443 0.000010 0.000010 0.010527
0.000010 0.000010 0.000010 0.000010 0.999960
0.052971 0.935658 0.000010 0.011351 0.000010
0.003983 0.042046 0.000010 0.003789 0.950172
0.011825 0.730887 0.011348 0.025904 0.220035
0.000010 0.999960 0.000010 0.000010 0.000010
0.000010 0.000010 0.999960 0.000010 0.000010
0.045685 0.925440 0.000010 0.000010 0.028855
0.119271 0.880699 0.000010 0.000010 0.000010
0.063255 0.592571 0.015539 0.053433 0.275203
0.000010 0.000010 0.999960 0.000010 0.000010
0.137494 0.825594 0.018874 0.018028 0.000010
0.000013 0.000010 0.000010 0.999957 0.000010
0.000019 0.000016 0.000010 0.999945 0.000010
0.135474 0.410023 0.097417 0.243155 0.113931
0.000010 0.763803 0.000010 0.000012 0.236164
0.086220 0.621043 0.043987 0.082087 0.166664
0.000010 0.000011 0.000010 0.000010 0.999959
0.065604 0.585258 0.013018 0.036393 0.299727
0.042071 0.956339 0.001570 0.000010 0.000010
0.000010 0.000010 0.000010 0.000010 0.999960
0.127618 0.414672 0.101113 0.247771 0.108826
0.026375 0.973595 0.000010 0.000010 0.000010
0.000010 0.000010 0.000010 0.000010 0.999960
0.000010 0.000010 0.999960 0.000010 0.000010
0.061886 0.926426 0.006161 0.005517 0.000010
0.049730 0.943328 0.003159 0.003773 0.000010
0.000010 0.777934 0.000010 0.000010 0.222036
0.000010 0.000010 0.000010 0.000010 0.999960
0.999960 0.000010 0.000010 0.000010 0.000010
0.000010 0.775145 0.000010 0.000010 0.224825
0.068588 0.565992 0.017273 0.044961 0.303185
0.058379 0.589625 0.013105 0.052327 0.286564
0.047647 0.950441 0.001892 0.000010 0.000010
0.123507 0.355444 0.077976 0.113636 0.329436
0.087872 0.729549 0.023348 0.047037 0.112194
0.013379 0.740654 0.000010 0.027145 0.218813
0.000010 0.000010 0.999960 0.000010 0.000010
0.059329 0.605292 0.000302 0.049937 0.285140
0.044758 0.952070 0.000011 0.003151 0.000010
0.000010 0.000010 0.999960 0.000010 0.000010
0.000010 0.000010 0.000010 0.999960 0.000010
0.000010 0.000010 0.999960 0.000010 0.000010
0.999960 0.000010 0.000010 0.000010 0.000010
0.137282 0.857005 0.005693 0.000010 0.000010
0.054289 0.215614 0.022743 0.033652 0.673702
0.026611 0.609852 0.011869 0.027214 0.324455
0.000010 0.765303 0.000010 0.000010 0.234667
0.129397 0.820468 0.024972 0.024516 0.000647
0.049828 0.915868 0.004992 0.014629 0.014683
0.000010 0.750674 0.001035 0.000010 0.248271
0.040334 0.615432 0.011968 0.034650 0.297616
0.000010 0.999960 0.000010 0.000010 0.000010
0.000010 0.775983 0.000010 0.000010 0.223987
0.000010 0.000019 0.000010 0.999951 0.000010
0.000010 0.762602 0.000010 0.000010 0.237368
0.999960 0.000010 0.000010 0.000010 0.000010
0.000018 0.000010 0.000010 0.999952 0.000010
0.000010 0.760055 0.000010 0.013132 0.226793
0.000010 0.736461 0.000010 0.000010 0.263509
0.125244 0.421625 0.102630 0.232834 0.117667
0.000010 0.000010 0.000014 0.000010 0.999956
0.005489 0.000010 0.001709 0.992781 0.000010
0.107067 0.703765 0.030405 0.066213 0.092551
0.125343 0.866163 0.008176 0.000309 0.000010
0.033176 0.966794 0.000010 0.000010 0.000010
0.000010 0.000010 0.999960 0.000010 0.000010
0.000010 0.988935 0.000010 0.000010 0.011035
0.167970 0.229999 0.225907 0.271251 0.104873
0.009405 0.767612 0.000010 0.016616 0.206356
0.000010 0.000010 0.999959 0.000011 0.000010
0.000010 0.000010 0.999960 0.000010 0.000010
0.065281 0.573361 0.001717 0.046831 0.312811
0.026611 0.609910 0.010404 0.035088 0.317988
0.042470 0.939716 0.005141 0.008749 0.003923
0.000012 0.000010 0.000010 0.999958 0.000010
0.084356 0.728802 0.028840 0.047930 0.110073
0.000010 0.000010 0.999960 0.000010 0.000010
0.087679 0.738839 0.023511 0.035297 0.114673
0.021305 0.978665 0.000010 0.000010 0.000010
0.063767 0.573434 0.023519 0.045606 0.293673
0.000010 0.000010 0.000010 0.000010 0.999960
0.999960 0.000010 0.000010 0.000010 0.000010
0.999960 0.000010 0.000010 0.000010 0.000010
0.000010 0.000010 0.000010 0.999960 0.000010
0.009538 0.761067 0.000010 0.012146 0.217240
0.000010 0.752558 0.000010 0.000010 0.247412
0.000010 0.000010 0.999960 0.000010 0.000010
0.000010 0.000010 0.999960 0.000010 0.000010
0.125352 0.808619 0.025774 0.021878 0.018376
0.000010 0.000010 0.000010 0.999960 0.000010
0.108962 0.713164 0.022160 0.062752 0.092963
0.000010 0.000010 0.000010 0.999960 0.000010
