0.000010 0.999960 0.000010 0.000010 0.000010
0.000012 0.000010 0.999958 0.000010 0.000010
0.000010 0.011851 0.000010 0.000010 0.988119
0.000010 0.215868 0.000010 0.000010 0.784102
0.000010 0.000010 0.000010 0.999960 0.000010
0.000010 0.000010 0.999959 0.000011 0.000010
0.110662 0.104741 0.056765 0.019282 0.708551
0.048398 0.306133 0.043567 0.007545 0.594358
0.056787 0.287194 0.052533 0.019995 0.583490
0.069381 0.307346 0.040346 0.008068 0.574860
0.117702 0.000010 0.000010 0.000010 0.882268
0.000010 0.999960 0.000010 0.000010 0.000010
0.999960 0.000010 0.000010 0.000010 0.000010
0.000010 0.000010 0.000012 0.000010 0.999958
0.008279 0.207725 0.016497 0.000010 0.767489
0.000013 0.000010 0.999957 0.000010 0.000010
0.000011 0.000010 0.999959 0.000010 0.000010
0.003151 0.188869 0.016209 0.000010 0.791761
0.000010 0.000010 0.000010 0.999960 0.000010
0.000010 0.014899 0.000010 0.000010 0.985071
0.071937 0.295873 0.044288 0.013210 0.574692
0.128451 0.112288 0.244211 0.108432 0.406619
0.111880 0.093284 0.059546 0.019386 0.715903
0.000010 0.016956 0.000010 0.000010 0.983014
0.111401 0.000010 0.000010 0.000010 0.888569
0.999960 0.000010 0.000010 0.000010 0.000010
0.000010 0.236334 0.000010 0.000010 0.763636
0.052015 0.019739 0.027038 0.010382 0.890825
0.038955 0.308253 0.016417 0.021195 0.615179
0.037782 0.320482 0.028824 0.012370 0.600542
0.000013 0.000010 0.999957 0.000010 0.000010
0.028369 0.318516 0.035358 0.008476 0.609281
0.124792 0.000010 0.000010 0.000010 0.875178
0.000010 0.999955 0.000015 0.000010 0.000010
0.000010 0.254148 0.000010 0.000010 0.745822
0.114468 0.090576 0.074257 0.013643 0.707056
0.000010 0.214755 0.000010 0.000010 0.785215
0.999960 0.000010 0.000010 0.000010 0.000010
0.012764 0.205160 0.015707 0.000010 0.766359
0.109521 0.083800 0.055457 0.018841 0.732381
0.000010 0.999960 0.000010 0.000010 0.000010
0.999960 0.000010 0.000010 0.000010 0.000010
0.007721 0.982826 0.000010 0.009433 0.000010
0.000010 0.000010 0.000010 0.999960 0.000010
0.000010 0.000010 0.999960 0.000010 0.000010
0.125406 0.115173 0.227886 0.107205 0.424330
0.041739 0.000010 0.000010 0.000010 0.958231
0.041822 0.003368 0.012511 0.000010 0.942288
0.044919 0.004509 0.003133 0.007403 0.940037
0.000012 0.000010 0.999958 0.000010 0.000010
0.003402 0.194327 0.012298 0.000010 0.789963
0.000010 0.251045 0.002494 0.000010 0.746441
0.056146 0.315735 0.034359 0.008241 0.585518
0.000010 0.000010 0.000012 0.999958 0.000010
0.059395 0.298842 0.039066 0.011821 0.590875
0.000010 0.000010 0.000010 0.999960 0.000010
0.000010 0.252891 0.000010 0.000010 0.747079
0.000010 0.241755 0.000010 0.000010 0.758215
0.000013 0.000010 0.999957 0.000010 0.000010
0.121907 0.097128 0.055043 0.024647 0.701276
0.000016 0.236483 0.000010 0.000010 0.763482
0.000010 0.000010 0.000010 0.000010 0.999960
0.999960 0.000010 0.000010 0.000010 0.000010
0.000010 0.226593 0.000010 0.000010 0.773377
0.022637 0.895225 0.010039 0.004552 0.067547
0.031732 0.000010 0.000010 0.000010 0.968238
0.000010 0.999960 0.000010 0.000010 0.000010
0.115279 0.032108 0.035965 0.020409 0.796239
0.999960 0.000010 0.000010 0.000010 0.000010
0.066606 0.303634 0.032666 0.007739 0.589355
0.134568 0.124074 0.231110 0.103015 0.407234
0.088823 0.104701 0.041405 0.026163 0.738909
0.167035 0.106140 0.278113 0.224865 0.223847
0.000010 0.239194 0.000010 0.000010 0.760776
0.000010 0.999960 0.000010 0.000010 0.000010
0.122060 0.110600 0.246654 0.104745 0.415942
0.125306 0.000010 0.000493 0.005596 0.868595
0.108619 0.112910 0.064854 0.019018 0.694599
0.039309 0.000010 0.000010 0.000010 0.960661
0.129672 0.000010 0.016938 0.022157 0.831223
0.000010 0.000010 0.999960 0.000010 0.000010
0.000010 0.000010 0.999960 0.000010 0.000010
0.053410 0.312262 0.033581 0.002530 0.598216
0.041413 0.000010 0.017120 0.005883 0.935574
0.000010 0.000010 0.999960 0.000010 0.000010
0.133068 0.104838 0.235384 0.105567 0.421143
0.039116 0.000010 0.000010 0.003376 0.957488
0.000010 0.000010 0.000010 0.999960 0.000010
0.043804 0.010562 0.026851 0.000010 0.918773
0.112237 0.091012 0.068262 0.014782 0.713706
0.115592 0.091733 0.061028 0.018054 0.713592
0.089087 0.096872 0.050242 0.018899 0.744900
0.362200 0.104472 0.183329 0.121852 0.228147
0.000010 0.254871 0.000010 0.000010 0.745099
0.000014 0.000010 0.999956 0.000010 0.000010
0.109554 0.070932 0.068979 0.019890 0.730645
0.000010 0.999960 0.000010 0.000010 0.000010
0.000010 0.228446 0.000010 0.000010 0.771524
0.999960 0.000010 0.000010 0.000010 0.000010
0.042315 0.000010 0.000010 0.000010 0.957655
0.000010 0.000010 0.000010 0.000010 0.999960
0.107534 0.000010 0.000010 0.000010 0.892436
0.999960 0.000010 0.000010 0.000010 0.000010
0.000010 0.999960 0.000010 0.000010 0.000010
0.056196 0.303698 0.041481 0.008033 0.590591
0.000010 0.999960 0.000010 0.000010 0.000010
0.013500 0.884404 0.013351 0.004389 0.084356
0.000010 0.000010 0.000010 0.999960 0.000010
0.000010 0.000010 0.000010 0.999960 0.000010
0.000010 0.999946 0.000019 0.000015 0.000010
0.036004 0.000010 0.000010 0.000010 0.963966
0.087825 0.105073 0.048667 0.022260 0.736175
0.010229 0.865313 0.013189 0.009892 0.101377
0.061504 0.304011 0.046704 0.004071 0.583711
0.000010 0.999960 0.000010 0.000010 0.000010
0.000019 0.000010 0.000010 0.999951 0.000010
0.000010 0.000010 0.999960 0.000010 0.000010
0.039086 0.309243 0.021161 0.007301 0.623209
0.999960 0.000010 0.000010 0.000010 0.000010
0.999960 0.000010 0.000010 0.000010 0.000010
0.000010 0.042694 0.000017 0.000010 0.957268
0.000010 0.000016 0.000010 0.999954 0.000010
0.035724 0.000010 0.000010 0.000010 0.964246
0.029418 0.307655 0.028473 0.007121 0.627333
0.047979 0.012432 0.003539 0.007525 0.928525
0.000010 0.999960 0.000010 0.000010 0.000010
0.000018 0.219840 0.000010 0.000010 0.780123
0.000010 0.000010 0.000011 0.999959 0.000010
0.000010 0.000010 0.000010 0.000010 0.999960
0.031963 0.312926 0.021011 0.006880 0.627220
0.000010 0.007796 0.000010 0.000010 0.992174
0.000010 0.999960 0.000010 0.000010 0.000010
0.051408 0.000010 0.010528 0.000010 0.938043
0.005137 0.951928 0.004004 0.000010 0.038921
0.011678 0.219095 0.028741 0.010032 0.730454
0.000010 0.000010 0.000010 0.000010 0.999960
0.000010 0.000010 0.000010 0.999960 0.000010
0.043182 0.029793 0.000010 0.000010 0.927005
0.114477 0.000010 0.000010 0.000010 0.885493
0.060802 0.274037 0.055212 0.014454 0.595495
0.000010 0.000010 0.000010 0.999960 0.000010
0.131631 0.000010 0.019425 0.018923 0.830010
0.000010 0.000010 0.999960 0.000010 0.000010
0.000012 0.000010 0.999958 0.000010 0.000010
0.133098 0.113683 0.243116 0.097320 0.412783
0.000010 0.236669 0.002690 0.000010 0.760620
0.087100 0.166118 0.084953 0.040295 0.621534
0.000010 0.999960 0.000010 0.000010 0.000010
0.064236 0.297725 0.034997 0.013079 0.589963
0.038532 0.000010 0.000010 0.000010 0.961438
0.000010 0.999960 0.000010 0.000010 0.000010
0.127028 0.106838 0.249626 0.098880 0.417629
0.022322 0.000010 0.000010 0.000010 0.977648
0.000010 0.999960 0.000010 0.000010 0.000010
0.000010 0.000010 0.000010 0.999960 0.000010
0.057153 0.000010 0.008550 0.007688 0.926599
0.046621 0.000010 0.003641 0.003083 0.946645
0.000010 0.222940 0.000010 0.000010 0.777030
0.000010 0.999960 0.000010 0.000010 0.000010
0.999959 0.000010 0.000011 0.000010 0.000010
0.000010 0.225644 0.000010 0.000010 0.774326
0.067157 0.302111 0.044279 0.015719 0.570734
0.056844 0.288936 0.048976 0.011667 0.593576
0.044758 0.000010 0.001417 0.000010 0.953804
0.089902 0.109437 0.049252 0.020275 0.731134
0.013519 0.219785 0.026159 0.000010 0.740527
0.000010 0.000010 0.000010 0.999960 0.000010
0.059279 0.283852 0.047864 0.000073 0.608932
0.039135 0.000010 0.003146 0.000010 0.957699
0.000010 0.000010 0.000010 0.999960 0.000010
0.000010 0.000010 0.999960 0.000010 0.000010
0.000010 0.000010 0.000011 0.999959 0.000010
0.999960 0.000010 0.000010 0.000010 0.000010
0.133068 0.000010 0.000010 0.004966 0.861946
0.053501 0.673259 0.033177 0.022739 0.217324
0.025348 0.323980 0.027354 0.012304 0.611014
0.000010 0.238821 0.000010 0.000010 0.761149
0.123410 0.003194 0.024165 0.024499 0.824731
0.046503 0.014241 0.014852 0.005424 0.918980
0.001217 0.248762 0.000010 0.001409 0.748602
0.040248 0.295796 0.038601 0.009678 0.615676
0.000010 0.000010 0.000010 0.000010 0.999960
0.000010 0.228364 0.000010 0.000010 0.771606
0.000010 0.000010 0.999960 0.000010 0.000010
0.000010 0.238052 0.000010 0.000010 0.761918
0.999960 0.000010 0.000010 0.000010 0.000010
0.000011 0.000010 0.999959 0.000010 0.000010
0.000646 0.226606 0.013593 0.000010 0.759145
0.000010 0.261056 0.000010 0.000010 0.738914
0.125326 0.115306 0.232378 0.102569 0.424421
0.000012 0.999956 0.000010 0.000013 0.000010
0.003503 0.000010 0.993399 0.003078 0.000010
0.106447 0.092546 0.069823 0.026600 0.704583
0.122031 0.000010 0.002524 0.006417 0.869018
0.029377 0.000010 0.000010 0.000010 0.970593
0.000010 0.000010 0.000016 0.999954 0.000010
0.000010 0.016143 0.000010 0.000010 0.983827
0.168711 0.104578 0.270559 0.226430 0.229722
0.009048 0.206533 0.016172 0.000010 0.768237
0.000010 0.000010 0.000010 0.999960 0.000010
0.000010 0.000010 0.000012 0.999958 0.000010
0.064731 0.307491 0.045262 0.001228 0.581288
0.025167 0.317576 0.035145 0.009349 0.612763
0.039855 0.005147 0.009483 0.003571 0.941944
0.000010 0.000010 0.999960 0.000010 0.000010
0.085796 0.107695 0.050981 0.026333 0.729196
0.000010 0.000010 0.000010 0.999960 0.000010
0.086744 0.111488 0.038158 0.021987 0.741624
0.019397 0.000010 0.000010 0.000010 0.980573
0.063035 0.293365 0.042996 0.021942 0.578663
0.000010 0.999960 0.000010 0.000010 0.000010
0.999958 0.000010 0.000012 0.000010 0.000010
0.999960 0.000010 0.000010 0.000010 0.000010
0.000015 0.000010 0.999955 0.000010 0.000010
0.008499 0.214820 0.013673 0.000010 0.762998
0.000013 0.248896 0.000010 0.000010 0.751071
0.000010 0.000010 0.000010 0.999960 0.000010
0.000010 0.000010 0.000010 0.999960 0.000010
0.119515 0.021181 0.026577 0.023545 0.809182
0.000010 0.000010 0.999960 0.000010 0.000010
0.107756 0.091446 0.066814 0.020555 0.713429
0.000010 0.000010 0.999960 0.000010 0.000010
